===============================================================================================
Vanilla HNSW 极限压力测试结果
===============================================================================================

配置:
  索引大小: 100000
  每轮换血: 10000 (10%)
  总轮数: 200
  累计换血: 2000000 (20x)
  M=16, ef_construction=200, ef_search=64

详细结果:
轮次     累计换血       换血倍数       mean(ms)   P50(ms)    P95(ms)    P99(ms)    max(ms)    Recall  
-----------------------------------------------------------------------------------------------
0      0          0        x 0.178      0.180      0.235      0.276      0.310      0.9930  
10     100000     1        x 0.318      0.317      0.430      0.462      0.520      0.9960  
20     200000     2        x 0.453      0.449      0.617      0.732      0.837      0.9920  
30     300000     3        x 0.537      0.530      0.732      0.951      1.133      0.9920  
40     400000     4        x 0.618      0.622      0.839      0.999      1.069      0.9970  
50     500000     5        x 0.709      0.697      0.926      1.305      1.524      0.9960  
60     600000     6        x 0.734      0.719      0.935      1.275      1.550      0.9970  
70     700000     7        x 0.796      0.788      1.006      1.321      1.333      0.9950  
80     800000     8        x 0.848      0.836      1.094      1.547      1.687      0.9990  
90     900000     9        x 0.890      0.876      1.239      1.411      1.473      0.9990  
100    1000000    10       x 0.901      0.890      1.212      1.417      1.470      0.9930  
110    1100000    11       x 0.928      0.913      1.309      1.643      1.894      0.9970  
120    1200000    12       x 0.987      0.968      1.357      1.656      1.822      0.9950  
130    1300000    13       x 1.007      0.994      1.391      1.811      2.157      0.9960  
140    1400000    14       x 1.033      1.007      1.445      1.795      1.980      0.9970  
150    1500000    15       x 1.119      1.091      1.452      1.788      2.350      0.9920  
160    1600000    16       x 1.118      1.078      1.548      1.738      2.395      0.9940  
170    1700000    17       x 1.131      1.100      1.482      1.639      2.107      0.9940  
180    1800000    18       x 1.211      1.166      1.598      2.237      2.685      0.9930  
190    1900000    19       x 1.247      1.194      1.807      2.250      2.266      0.9940  
200    2000000    20       x 1.260      1.229      1.861      2.531      2.723      0.9850  

===============================================================================================
总结:
  测试耗时: 6250.3秒
  Mean延迟增长: 0.178ms -> 1.260ms (7.08x)
  P99延迟增长: 0.276ms -> 2.531ms (9.17x)
  Recall变化: 0.9930 -> 0.9850
===============================================================================================
